0.001007629
0.001015259
0.001030518
0.001061035
0.00112207
0.001244141
0.001488281
0.001976563
0.002953125
0.00490625
0.0088125
0.016625
0.03225
0.0635
0.126
0.251
0.501
1.001
2.001
4.001
0.800001907
0.800003815
0.800007629
0.800015259
0.800030518
0.800061035
0.80012207
0.800244141
0.800488281
0.800976563
0.801953125
0.80390625
0.8078125
0.815625
0.83125
0.8625
0.925
1.05
1.3
1.8
3.900001582
3.900003164
3.900006327
3.900012654
3.900025309
3.900050618
3.900101235
3.900202471
3.900404941
3.900809882
3.901619765
3.903239529
3.906479059
3.912958118
3.925916236
3.951832472
4.003664943
4.107329886
4.314659773
4.729319546
4.980032708
4.980065416
4.980130832
4.980261663
4.980523327
4.981046654
4.982093308
4.984186615
4.98837323
4.99674646
5.013492921
5.046985841
5.113971683
5.247943366
5.515886731
6.051773463
7.123546925
9.26709385
13.5541877
22.1283754
