1.595835555
1.684703942
1.766315278
1.841765833
1.911920819
1.977475084
2.038995095
2.096948738
2.151726944
2.203659692
2.253028058
2.300073422
2.345004609
2.388003494
2.429229448
2.468822901
2.506908235
2.543596136
2.578985533
2.61316521
3.060933845
3.306056303
3.502766598
3.667069649
3.808148247
3.931762203
4.041763098
4.140854001
4.231005098
4.313696814
4.390069793
4.461021529
4.527270914
4.589402695
4.647898902
4.703161581
4.755529566
4.805291076
4.852693315
4.897949906
0.714610505
0.917009133
1.085257732
1.229233647
1.355065445
1.466818651
1.567328987
1.658653265
1.742330878
1.819544002
1.891220228
1.958100792
2.020787377
2.079775084
2.13547621
2.188237739
2.238354452
2.286078895
2.331629087
2.375194536
5.465313809
5.91523068
6.224418957
6.460247668
6.650937475
6.81102289
6.948982334
7.070195905
7.1782924
7.275835555
7.364703942
7.446315278
7.521765833
7.591920819
7.657475084
7.718995095
7.776948738
7.831726944
7.883659692
7.933028058
