4.345765983
0.544995959
9.610669268
3.169609216
5.318980087
3.46913157
1.158441171
6.190892608
0.687238188
8.970679253
3.841548849
5.206031338
4.766222251
3.369369115
2.755544822
7.226000687
7.72609545
4.309625169
0.525097832
9.681505558
5.12668983
2.761607882
7.879024812
1.755867893
2.006697503
2.501144052
5.627677057
4.605457249
0.480593884
5.846931004
1.374093163
5.052033814
4.92837258
7.89742837
6.227054291
9.534092614
4.186407189
0.539192189
3.564201336
5.141936127
4.011072601
6.627040644
3.896573115
3.976528802
8.092778676
5.151781189
8.366736562
1.602143838
4.162610018
5.356610884
8.449325131
9.272830423
2.286481225
9.234390467
6.442161617
8.247309723
6.57794244
3.053205416
5.745196051
8.020250328
7.205729313
7.803359117
8.375802934
1.989916122
4.937698765
9.529923618
3.498694081
8.902946243
5.036929182
7.538330396
2.19861759
5.576097475
5.561819299
6.822706857
4.364042327
4.18137806
0.922429927
3.702902636
8.024482692
8.668831873
