18.5
57
144.5
302
550.5
911
1404.5
2052
2874.5
3893
5128.5
6602
8334.5
10347
12660.5
15296
18274.5
21617
25344.5
29478
6.12
7.68
33.68
105.12
243
468.32
802.08
1265.28
1878.92
2664
3641.52
4832.48
6257.88
7938.72
9896
12150.72
14723.88
17636.48
20909.52
24564
28.23
71.92
168.07
337.68
601.75
981.28
1497.27
2170.72
3022.63
4074
5345.83
6859.12
8634.87
10694.08
13057.75
15746.88
18782.47
22185.52
25977.03
30178
4.5
49
162.5
366
680.5
1127
1726.5
2500
3468.5
4653
6074.5
7754
9712.5
11971
14550.5
17472
20756.5
24425
28498.5
32998
