20.5
29
37.5
46
54.5
63
71.5
80
88.5
97
105.5
114
122.5
131
139.5
148
156.5
165
173.5
182
54.5
88
121.5
155
188.5
222
255.5
289
322.5
356
389.5
423
456.5
490
523.5
557
590.5
624
657.5
691
0.709437912
0.891759469
1.045910149
1.179441542
1.297224577
1.402585093
1.497895273
1.58490665
1.664949357
1.73905733
1.808050201
1.872588722
1.933213344
1.990371758
2.044438979
2.095732274
2.144522438
2.191042453
2.235494216
2.27805383
6.196581054
6.413740205
6.592052172
6.743328985
6.874699544
6.990798697
7.094810063
7.189015037
7.275104475
7.354366416
7.427804674
7.496216764
7.560246824
7.620422589
7.67718185
7.730891799
7.781863439
7.830362494
7.876617791
7.920827793
107.5
388
1650.5
5305
13625.5
29930
58760.5
106063
179367.5
287968
443102.5
658133
948725.5
1333030
1831860.5
2468875
3270755.5
4267388
5492042.5
6981553
42.5
609
3789.5
14510
41800.5
100055
210291.5
401412
711462.5
1188893
1893817.5
2899274
4292484.5
6176115
8669535.5
11910080
16054306.5
21279257
27783717.5
35789478
28.5
67
144.5
282
500.5
821
1264.5
1852
2604.5
3543
4688.5
6062
7684.5
9577
11760.5
14256
17084.5
20267
23824.5
27778
61.5
443
1473.5
3474
6765.5
11669
18505.5
27596
39261.5
53823
71601.5
92918
118093.5
147449
181305.5
219984
263805.5
313091
368161.5
429338
0.009
0.009
0.009
0.009
0.009
0.009
0.009
0.009
0.009
0.009
0.009
0.009
0.009
0.009
0.009
0.009
0.009
0.009
0.009
0.009
7.34
7.34
7.34
7.34
7.34
7.34
7.34
7.34
7.34
7.34
7.34
7.34
7.34
7.34
7.34
7.34
7.34
7.34
7.34
7.34
72.06
86.24
107.54
135.96
171.5
214.16
263.94
320.84
384.86
456
534.26
619.64
712.14
811.76
918.5
1032.36
1153.34
1281.44
1416.66
1559
19
77
182
334
533
779
1072
1412
1799
2233
2714
3242
3817
4439
5108
5824
6587
7397
8254
9158
8.000001294
8.000002588
8.000005175
8.00001035
8.0000207
8.0000414
8.000082801
8.000165601
8.000331202
8.000662404
8.001324809
8.002649618
8.005299236
8.010598471
8.021196943
8.042393885
8.08478777
8.169575541
8.339151082
8.678302164
19.80000712
19.80001424
19.80002847
19.80005695
19.8001139
19.80022779
19.80045558
19.80091117
19.80182233
19.80364466
19.80728932
19.81457864
19.82915728
19.85831456
19.91662912
20.03325825
20.2665165
20.73303299
21.66606598
23.53213197
19.72
95.88
371.48
1065.52
2481
5004.92
9108.28
15346.08
24357.32
36865
53676.12
75681.68
103856.68
139260.12
183035
236408.32
300691.08
377278.28
467648.92
573366
10
37
194
670
1738
3755
7162
12484
20330
31393
46450
66362
92074
124615
165098
214720
274762
346589
431650
531478
4.038231429
3.982033897
6.389130665
6.758892482
5.417288656
1.683599854
9.191697354
7.744064674
6.367004572
3.658144845
2.195155179
6.549295805
2.17729823
5.199831198
0.684440855
3.231121693
6.058281039
7.643107645
7.439433285
6.635493658
0.710163604
1.988607085
6.773768776
0.774063427
6.16945579
4.380041345
8.788386477
1.284903425
2.302655171
5.235750251
5.197732423
8.874382982
0.482983871
0.54582722
5.853901019
2.586216317
6.922970771
7.910681952
6.20264705
9.202503236
138.567
461.134
3333.701
16886.268
61620.835
179411.402
445023.969
980156.536
1969999.103
3682313.67
6489034.237
10890386.8
17541529.37
27281711.94
41165956.51
60499257.07
86873299.64
122205702.2
168781774.8
229298799.3
10.5
263
2624.5
14265
53838.5
160183
403540.5
899297
1824242.5
3435351
6091080.5
10275193
16623094.5
25950695
39285788.5
57901953
83354970.5
117521767
162641872.5
221361401
