24
289
2615
13998
52738
157079
396369
884740
1797308
3388893
6015259
10156874
16445190
25691443
38917973
57392064
82662304
116597465
161427903
219789478
8.17
181.12
1657.17
8148.52
28464.25
79966.32
192961.57
416029.72
822287.37
1516588
2643657.97
4397168.52
7029743.77
10863904.72
16303949.25
23848768.12
34105596.97
47804704.32
65815015.57
89160673
44.62
289.96
2541.74
13733.68
52079.5
155712.92
393847.66
880457.44
1790475.98
3378517
6000114.22
10135481.36
16415792.14
25651980.28
38866059.5
57324963.52
82576906.06
116490260.8
161294961.6
219626422
52
193
1091
5422
20398
61367
156493
352516
721592
1369213
2443207
4143818
6734866
10555987
16035953
23707072
34220668
48363641
67076107
91470118
