22
113
428
1198
2738
5447
9808
16388
25838
38893
56372
79178
108298
144803
189848
244672
310598
389033
481468
589478
19
65
185
430
863
1559
2605
4100
6155
8893
12449
16970
22615
29555
37973
48064
60035
74105
90505
109478
20.82
94.12
332.42
895.92
2000.5
3917.72
6974.82
11554.72
18096.02
27093
39095.62
54709.52
74596.02
99472.12
130110.5
167339.52
212043.22
265161.32
327689.22
400678
15
99
407
1170
2703
5405
9759
16332
25775
38823
56295
79094
108207
144705
189743
244560
310479
388907
481335
589338
