23.5
161
792.5
2734
7425.5
17111
35018.5
65540
114411.5
188893
297948.5
452426
665237.5
951539
1328910.5
1817536
2440383.5
3223385
4195616.5
5389478
20.5
97
387.5
1198
3050.5
6743
13409.5
24580
42240.5
68893
107615.5
162122
236822.5
336883
468285.5
637888
853484.5
1123865
1458875.5
1869478
14.25
136
724.75
2583
7137.25
16618
34239.75
64381
112764.25
186636
294946.75
448531
660287.25
945358
1321309.75
1808313
2429322.25
3210256
4180176.75
5371471
33.5
481
3222.5
12974
38675.5
94871
203088.5
393220
704901.5
1188893
1908458.5
2940746
4378167.5
6329779
8922660.5
12303296
16638953.5
22119065
28956606.5
37389478
