20
135
1409
8378
33378
102665
264335
598044
1226528
2328923
4155885
7046510
11447054
17931453
27223643
40221680
58023660
81955439
113600153
154829538
9.758746253
5.466116267
2.921893551
1.694119958
7.327021247
7.068450251
6.348430165
4.463838075
4.262631236
1.611803624
6.941663637
6.625904404
2.944171547
5.702779734
5.146791155
2.133154242
0.400791219
7.937249436
3.919499083
7.774015262
0.5
182
1313.5
5339
15906.5
38908
83019.5
160241
286436.5
481874
771765.5
1186807
1763718.5
2545784
3583391.5
4934573
6665544.5
8851246
11575881.5
14933459
333
333
333
333
333
333
333
333
333
333
333
333
333
333
333
333
333
333
333
333
9.99
17.53
25.07
32.61
40.15
47.69
55.23
62.77
70.31
77.85
85.39
92.93
100.47
108.01
115.55
123.09
130.63
138.17
145.71
153.25
3.323
4.446
5.569
6.692
7.815
8.938
10.061
11.184
12.307
13.43
14.553
15.676
16.799
17.922
19.045
20.168
21.291
22.414
23.537
24.66
31.63
109.08
354.03
921.28
2016.75
3897.48
6871.63
11298.48
17588.43
26203
37654.83
52507.68
71376.43
94927.08
123876.75
158993.68
201097.23
251057.88
309797.23
378288
0.326931678
0.343255906
0.359317928
0.375126034
0.390688129
0.406011751
0.421104099
0.43597205
0.450622181
0.46506078
0.479293869
0.493327218
0.507166354
0.520816579
0.534282983
0.547570449
0.560683671
0.57362716
0.586405254
0.599022126
16.88
62.52
181.92
408.08
774
1312.68
2057.12
3040.32
4295.28
5855
7752.48
10020.72
12692.72
15801.48
19380
23461.28
28078.32
33264.12
39051.68
45474
22.80000044
22.80000089
22.80000178
22.80000356
22.80000712
22.80001424
22.80002847
22.80005695
22.8001139
22.80022779
22.80045558
22.80091117
22.80182233
22.80364466
22.80728932
22.81457864
22.82915728
22.85831456
22.91662912
23.03325825
20.405
92.02
284.945
661.28
1283.125
2212.58
3511.745
5242.72
7467.605
10248.5
13647.505
17726.72
22548.245
28174.18
34666.625
42087.68
50499.445
59964.02
70543.505
82300
89.39
201.96
1501.81
8575.04
33831.75
103626.04
266176.01
601283.76
1231855.39
2337221
4168254.69
7064294.56
11471862.71
17965185.24
27268512.25
40280237.84
58098820.11
82050501.16
113718827.1
154975968
435.178
435.178
435.178
435.178
435.178
435.178
435.178
435.178
435.178
435.178
435.178
435.178
435.178
435.178
435.178
435.178
435.178
435.178
435.178
435.178
20.5
121
531.5
1678
4250.5
9263
18113.5
32644
55200.5
88693
136655.5
203306
293606.5
413323
569085.5
768448
1019948.5
1333169
1718795.5
2188678
15.5
43.5
88.5
150.5
229.5
325.5
438.5
568.5
715.5
879.5
1060.5
1258.5
1473.5
1705.5
1954.5
2220.5
2503.5
2803.5
3120.5
3454.5
9
53
104
162
227
299
378
464
557
657
764
878
999
1127
1262
1404
1553
1709
1872
2042
20.97
130.94
484.91
1313.88
2932.85
5740.82
10220.79
16939.76
26548.73
39782.7
57460.67
80485.64
109844.61
146608.58
191932.55
247055.52
313300.49
392074.46
484868.43
593257.4
0.800043158
0.800086317
0.800172633
0.800345267
0.800690534
0.801381068
0.802762136
0.805524272
0.811048543
0.822097087
0.844194174
0.888388348
0.976776695
1.153553391
1.507106781
2.214213562
3.628427125
6.456854249
12.1137085
23.427417
121.5
230
427.5
735
1173.5
1764
2527.5
3485
4657.5
6066
7731.5
9675
11917.5
14480
17383.5
20649
24297.5
28350
32827.5
37751
6.856
12.412
17.968
23.524
29.08
34.636
40.192
45.748
51.304
56.86
62.416
67.972
73.528
79.084
84.64
90.196
95.752
101.308
106.864
112.42
7.416916313
5.02907716
4.772259411
9.002037971
5.01026326
6.449952874
8.705896605
6.171372076
2.586908362
3.673922043
9.393018752
4.364206645
9.465445919
9.02015048
3.78328385
7.989928618
9.744670061
5.421645636
0.219800366
4.138363972
1.355494216
1.39805383
1.438875825
1.478096538
1.515836866
1.55220451
1.58729583
1.621197382
1.653987204
1.685735903
1.716507561
1.746360525
1.775348061
1.803518938
1.830917913
1.85758616
1.883561646
1.908879454
1.933572067
1.957669618
1253.377
1577.954
4257.531
16885.108
58897.685
170396.262
423485.839
936135.416
1888557.993
3542110.57
6260714.147
10534793.72
17007738.3
26504880.88
40064998.46
58974332.03
84803126.61
119444691.2
165156978.8
224606686.3
12.83000095
12.83000191
12.83000381
12.83000763
12.83001526
12.83003052
12.83006104
12.83012207
12.83024414
12.83048828
12.83097656
12.83195313
12.83390625
12.8378125
12.845625
12.86125
12.8925
12.955
13.08
13.33
35
69
110
158
213
275
344
420
503
593
690
794
905
1023
1148
1280
1419
1565
1718
1878
5.656981151
3.473092384
6.993229944
4.584712429
8.891972703
9.44442585
3.24183949
0.079778977
3.293913114
3.474945778
1.243999185
6.119948242
4.982907135
3.273261365
6.93810578
8.486049621
3.847414508
5.506944086
9.622440101
5.693091398
18.12
153.24
782.36
2721.48
7410.6
17093.72
34998.84
65517.96
114387.08
188866.2
297919.32
452394.44
665203.56
951502.68
1328871.8
1817494.92
2440340.04
3223339.16
4195568.28
5389427.4
1.234
1.927147181
2.332612289
2.620294361
2.843437912
3.025759469
3.179910149
3.313441542
3.431224577
3.536585093
3.631895273
3.71890665
3.798949357
3.87305733
3.942050201
4.006588722
4.067213344
4.124371758
4.178438979
4.229732274
5.92
31.48
136.08
403.72
946
1902.12
3438.88
5750.68
9059.52
13615
19694.32
27602.28
37671.28
50261.32
65760
84582.52
107171.68
133997.88
165559.12
202381
556.88
556.88
556.88
556.88
556.88
556.88
556.88
556.88
556.88
556.88
556.88
556.88
556.88
556.88
556.88
556.88
556.88
556.88
556.88
556.88
