1.89
1.89
1.89
1.89
1.89
1.89
1.89
1.89
1.89
1.89
1.89
1.89
1.89
1.89
1.89
1.89
1.89
1.89
1.89
1.89
10.00002234
10.00004468
10.00008936
10.00017872
10.00035744
10.00071489
10.00142977
10.00285954
10.00571908
10.01143817
10.02287634
10.04575268
10.09150536
10.18301071
10.36602142
10.73204285
11.4640857
12.92817139
15.85634278
21.71268557
0.79682995
0.824410297
0.851250341
0.877388787
0.902861382
0.927701208
0.951938944
0.975603086
0.998720158
1.021314883
1.043410347
1.065028137
1.086188469
1.106910305
1.127211448
1.147108643
1.16661765
1.185753328
1.204529696
1.22296
3.052392711
0.67474115
1.112877334
1.253838086
6.087236714
5.269427654
6.215638973
6.502758309
1.482868754
2.363654434
8.863345979
9.896290167
6.044545409
3.983783658
9.956122119
6.259250808
6.619724081
5.100676005
7.025425666
3.926794121
5.3
8.3
11.3
14.3
17.3
20.3
23.3
26.3
29.3
32.3
35.3
38.3
41.3
44.3
47.3
50.3
53.3
56.3
59.3
62.3
22.37
62.48
128.33
219.92
337.25
480.32
649.13
843.68
1063.97
1310
1581.77
1879.28
2202.53
2551.52
2926.25
3326.72
3752.93
4204.88
4682.57
5186
56.5
121
210.5
334
500.5
719
998.5
1348
1776.5
2293
2906.5
3626
4460.5
5419
6510.5
7744
9128.5
10673
12386.5
14278
26.05
115.05
408.05
1112.05
2508.45
4953.05
8876.05
14782.05
23250.05
34933.45
50560.05
70932.05
96926.05
129493.05
169658.45
218522.05
277258.05
347115.05
429416.05
525558.45
18.5
81
387.5
1454
4300.5
10631
23013.5
45060
81606.5
138893
224743.5
348746
522432.5
759459
1075785.5
1489856
2022778.5
2698505
3544011.5
4589478
30.138
320.904
1970.63
8377.416
27764.13
76778.408
185172.654
401564.04
800274.506
1489250.76
2619064.278
4392991.304
7078172.85
11017854.7
16644707.39
24495226.25
35225211.35
49626327.56
68643744.49
93394856.52
